1199 14206 4075 79 34 97 2
2756 26804 2270 85 393 572 1
2173 15106 912 24 10 10 0
496 8736 4199 21 755 755 2
214 2597 1562 10 236 953 2
2182 31012 5871 22 997 997 2
2975 36822 4166 29 387 387 2
1855 13771 1492 4 428 428 1
767 14498 151 90 46 183 2
2532 31193 5311 68 456 456 2
570 2282 3931 78 659 659 2
571 10252 5413 65 104 104 2
2302 11010 3119 92 652 652 0
761 10230 2272 70 101 859 2
2941 30105 1811 28 244 244 0
895 6083 5830 83 92 92 2
1769 30268 3102 13 806 806 1
2428 16107 2593 86 202 202 0
1223 8898 5911 23 110 110 2
773 14298 4061 27 395 395 2
1279 5230 2905 40 800 800 1
2509 40077 1597 83 881 881 0
1751 30109 5951 86 180 180 2
2846 22581 4121 71 561 561 2
2883 24636 2883 71 601 601 1
1371 24307 2620 71 381 470 1
1225 11551 2039 52 74 246 2
1817 10654 430 22 838 838 0
2387 22368 4507 57 128 136 2
581 6037 4634 35 726 726 2
929 14211 750 13 570 570 1
2542 20285 4201 21 31 31 2
638 6277 829 53 279 424 1
2499 11202 262 91 143 143 0
1369 14534 2626 46 814 814 1
2613 23383 2249 68 889 889 1
1688 30695 208 42 650 768 0
2073 16648 3379 95 100 108 1
2953 53514 1886 36 991 991 0
2437 36793 1108 6 665 665 1
2176 31763 3153 32 439 439 1
2432 14649 1444 41 303 358 1
754 4382 3034 18 819 819 1
1648 7774 3619 99 8 180 2
2317 12769 1187 5 403 598 1
423 4436 579 20 114 996 2
1591 12393 4299 47 547 547 2
2511 19263 300 49 120 297 2
1330 24388 1050 93 771 771 0
2752 48302 2138 88 900 900 1
409 7309 5333 4 14 14 2
2298 35028 5876 9 933 933 2
1187 8087 1906 92 32 61 2
780 13952 1013 28 208 208 0
2149 20441 5120 16 171 206 2
344 5849 39 25 43 391 2
2026 27928 4553 93 429 496 2
1995 25360 356 95 34 151 2
2413 20509 2716 95 256 256 0
2194 41327 5140 24 0 42 2
1585 20327 4105 70 292 292 2
562 2506 2842 37 951 951 1
2725 52860 435 74 828 828 0
2340 42063 1746 80 818 879 1
218 4331 398 60 514 893 2
1924 34524 2248 17 152 229 1
1387 27017 1854 5 573 573 1
957 10139 3989 41 141 199 2
1965 19385 873 16 545 944 2
326 6227 5187 67 833 833 2
229 4317 2868 51 316 435 0
2762 24167 1617 60 791 791 0
1314 9236 4602 96 252 252 2
808 3283 4826 21 110 110 2
2511 48381 2173 52 322 328 0
2289 41889 3846 34 494 494 2
562 6258 159 90 117 933 2
2716 30789 4814 26 177 202 2
2050 36340 2663 9 341 341 1
998 6664 2121 44 369 510 0
1080 6136 1653 46 222 222 1
2805 19898 3306 56 73 73 1
1801 16438 1810 56 278 297 0
2352 9752 5730 73 11 17 2
1829 16492 3608 3 166 262 1
1844 23532 2530 31 800 811 0
1080 16504 5060 93 5 6 2
844 11299 1469 4 101 239 2
2956 16864 5811 25 240 863 2
2002 17862 749 1 106 106 1
877 8852 1825 32 477 907 2
2574 30445 5952 35 419 419 2
2848 44163 1455 82 156 156 0
1294 9049 279 43 126 768 2
2144 12921 3253 83 692 940 1
200 2320 1277 53 137 398 2
1510 6749 3395 42 891 891 1
1263 16835 5982 99 547 547 2
1114 22102 2533 70 418 827 2
2940 27090 1514 99 304 348 0
302 3814 5176 91 656 656 2
1049 10955 449 27 149 628 2
2148 32248 273 52 750 926 1
877 11906 5063 65 429 528 2
768 7571 3122 13 193 193 1
1057 8848 100 43 817 817 0
2943 18633 1966 2 415 415 1
1610 7139 1148 8 63 251 2
1513 25071 1110 20 719 719 1
2574 36471 2159 27 68 184 2
1386 7452 3938 58 563 563 2
841 14075 3408 60 220 220 1
2344 26183 5508 19 863 863 2
265 1695 890 55 248 248 0
1670 27676 957 32 525 683 0
2332 39195 4418 70 461 499 2
1546 30425 1549 72 789 789 0
2736 19612 1590 17 2 2 1
1975 30913 4728 43 559 559 2
1745 15012 3914 16 481 490 2
252 1037 1559 12 118 662 2
2908 56232 3915 84 416 460 2
2317 18760 3889 11 782 782 1
2163 37719 2063 50 183 745 2
2968 53766 574 39 885 885 0
2583 22342 1585 99 409 577 1
818 14936 1981 40 478 478 0
2806 29305 1052 100 909 909 0
426 1939 4928 99 449 540 2
1723 30204 4549 24 99 124 2
2791 31107 3767 10 310 535 2
872 14142 2557 21 43 325 2
2273 43917 4589 61 556 556 2
2987 12233 2075 28 623 623 0
2645 45998 3826 41 834 834 2
2187 13533 4859 67 324 324 2
874 7922 1886 3 821 821 1
1812 11201 5085 56 459 459 2
636 8497 2890 64 64 210 2
2387 45684 4777 38 184 218 2
840 13796 2456 70 97 128 1
2432 41464 5550 16 80 80 2
566 10192 3337 86 217 217 1
2676 40118 2478 20 537 537 1
732 6649 4567 26 521 937 2
2902 36825 225 58 431 431 0
702 6749 2880 85 488 488 1
2733 30156 4014 55 481 724 2
1010 10595 4834 40 816 816 2
1687 19841 4544 2 179 179 2
1915 31747 1422 51 634 634 0
2870 55683 2553 64 333 333 0
1262 16472 401 34 302 314 0
1805 27107 2578 12 216 638 2
1353 11512 3127 22 16 21 1
826 5670 1284 35 607 928 1
1013 11176 3903 2 386 386 2
919 10195 5082 84 70 644 2
930 8679 3090 44 465 465 1
1685 25835 3510 94 308 668 2
2952 52997 917 31 739 884 1
1633 16947 4782 76 250 250 2
1152 16000 1938 83 383 383 0
835 15106 1989 67 58 118 2
2720 30008 1572 39 674 674 1
1929 8409 4225 4 793 929 2
730 13569 1680 46 250 389 1
1091 21642 5369 25 60 375 2
1395 21828 241 14 227 256 1
1631 11372 4049 18 248 450 2
2098 17611 1988 35 912 912 1
2146 12374 1471 94 253 253 0
2156 12886 252 76 242 242 0
1330 14776 59 8 737 840 1
2504 19948 3304 96 630 630 1
1791 19453 5481 100 468 468 2
547 7747 1952 56 522 522 0
538 5229 2484 3 847 847 1
563 8663 2958 92 187 187 1
938 5274 5383 5 686 686 2
2855 18445 1274 85 109 109 0
2297 40565 5154 61 635 935 2
2220 23540 3900 87 376 919 2
2346 18156 2794 12 8 136 2
1498 15530 4938 15 488 488 2
1126 21303 1452 44 698 698 0
1282 24511 2504 29 941 941 0
1585 9658 742 37 876 992 0
2997 19600 3072 40 427 427 1
2472 24257 802 75 83 816 2
1554 20384 3915 93 393 850 2
900 5746 3673 29 666 666 1
755 11263 2233 9 142 811 2
2604 27095 3915 58 621 621 2
2630 14019 1858 14 148 148 1
2391 37026 1947 100 630 630 0
1128 14324 1647 74 264 264 0
2410 34005 2255 17 844 907 1
2295 18205 4760 34 160 385 2
2649 29257 268 90 630 664 0
1547 11930 1431 83 192 251 0
2309 41679 473 95 93 93 0
2794 19189 4999 21 106 476 2
2861 41248 2221 8 128 902 2
618 5397 820 36 173 181 0
2288 45575 1277 66 636 636 0
1926 10903 1490 19 728 728 1
1734 7269 3301 75 248 248 1
1651 28361 4954 43 254 591 2
2481 48587 3980 14 55 55 2
2616 30381 2994 50 119 155 1
1834 17979 1883 23 320 346 1
1710 30043 5995 67 80 396 2
1916 31651 3857 48 50 271 2
594 3763 4958 84 619 619 2
994 13068 4479 95 684 881 2
2766 44756 4814 24 291 291 2
2023 21741 1980 57 490 773 1
664 6306 233 57 644 644 0
542 6367 2474 24 75 107 1
2605 17239 2133 49 756 756 0
1185 8254 49 84 380 457 0
339 3886 109 34 43 48 0
533 9157 3661 19 158 226 1
1935 25718 4137 55 947 947 2
2928 58383 5801 42 116 948 2
1884 30107 404 31 111 731 2
2866 34367 866 67 627 627 0
1765 31956 2291 88 993 993 0
1527 21161 2064 69 497 643 1
2453 24752 5957 48 504 504 2
610 7265 5292 51 2 13 2
2230 31958 5411 44 295 295 2
2820 39193 4865 61 894 894 2
427 5039 1614 51 667 667 1
1646 19884 5703 30 178 184 2
919 14328 4810 54 576 576 2
1439 21485 2058 18 677 677 1
663 12729 3272 1 930 962 1
229 1579 3843 73 5 825 2
780 8496 5761 34 103 103 2
525 4887 4311 5 933 933 2
676 12206 1678 3 1 59 2
382 4788 3443 73 130 729 2
2660 33597 5591 41 387 387 2
2335 20868 4032 82 547 929 2
2182 32833 1897 70 790 790 0
964 18931 5408 30 821 821 2
2166 13194 4134 97 50 50 2
793 13008 1940 20 356 384 1
736 8752 706 96 953 953 0
1737 8169 396 83 606 606 0
1349 18231 3987 42 717 717 2
1003 13476 4176 21 137 137 2
2399 14240 3523 11 85 110 2
1341 5952 5858 60 695 869 2
1966 29663 4233 58 500 857 2
2320 19425 1049 53 606 906 1
496 2779 473 48 783 783 0
2949 23014 346 62 473 698 1
1553 26919 720 3 548 548 1
1328 17633 1012 22 362 362 0
2545 18756 227 15 4 95 2
1682 31197 5335 10 710 710 2
1595 14423 1388 88 613 643 0
1136 17630 582 19 608 608 1
1904 22297 2714 12 433 607 1
1717 17512 5574 55 72 72 2
1262 22873 3271 53 738 738 1
2417 37763 4032 76 406 472 2
1518 29804 1194 5 183 410 2
2851 26670 3946 8 115 115 2
796 10390 47 4 15 212 2
1595 8639 5339 38 189 189 2
253 3012 2779 71 73 182 2
271 5395 3726 14 276 276 1
2636 42303 846 21 65 861 2
1386 12468 1798 49 543 543 0
2442 30522 2217 88 264 264 0
685 4157 256 39 277 277 0
2787 17705 3558 19 16 742 2
787 3240 5990 12 169 510 2
2222 21433 2158 97 581 581 0
1516 9282 4867 77 677 677 2
2147 14034 5087 48 74 998 2
1662 6933 1248 78 508 842 2
634 10175 5324 69 129 281 2
2865 25063 2923 94 19 95 2
2389 12301 1584 46 997 997 0
2001 32558 1249 81 449 848 2
1241 21169 5938 94 833 833 2
1269 5319 29 87 502 944 2
2915 32042 2210 31 630 630 0
1817 10376 956 29 252 252 0
1740 28208 2551 73 727 727 1
692 5800 2153 73 6 6 0
1279 6625 4087 19 85 85 2
974 10927 2443 6 359 821 2
1469 14018 4095 8 68 68 2
825 9687 3788 82 771 771 2
2865 18011 2852 57 367 367 0
1105 12285 384 100 403 430 0
2006 13430 1457 40 732 732 0
2718 36626 5141 19 686 686 2
999 12885 5129 18 9 9 2
1583 10822 4558 85 492 689 2
1156 16789 3659 90 435 516 1
2080 9706 4368 21 567 567 2
2606 29563 2969 64 655 655 1
217 1616 2544 91 224 300 1
1712 13690 5855 23 392 392 2
1786 10890 2265 55 429 466 1
250 1353 5411 36 96 254 2
2708 28563 5258 11 33 33 2
535 5762 3330 59 51 51 1
2498 31558 4080 36 586 586 2
806 4763 3475 63 855 855 1
2032 17285 3698 47 60 208 2
2836 40215 5638 15 104 136 2
1409 7709 3641 63 364 371 1
2206 12969 3148 10 487 507 1
362 3976 2832 38 542 542 1
1728 15861 1644 81 737 844 0
258 2105 5425 75 4 544 2
1748 23905 4315 98 490 490 2
889 8606 2712 44 284 435 1
2295 45387 5675 38 435 530 2
1456 16146 1339 16 644 657 1
883 12563 4350 10 554 554 2
2992 41226 3090 22 781 781 1
1472 19125 5835 27 129 890 2
1486 25480 4836 100 474 560 2
1305 23395 5262 33 455 758 2
1263 12567 1839 85 360 525 1
210 1611 262 29 131 141 0
2291 14526 3074 81 607 638 0
2096 41217 3532 63 312 312 1
577 9421 483 9 36 200 2
2193 22355 2130 85 86 258 2
609 5974 2679 20 0 1 1
1685 12438 2353 45 131 150 1
680 3743 5427 26 777 777 2
2177 36745 5274 41 355 355 2
2233 23069 988 38 86 399 2
2190 14228 3342 91 289 289 1
711 7922 4295 10 672 672 2
1131 21914 3082 29 110 797 2
1789 16019 5025 18 186 186 2
438 3409 5886 99 207 234 2
1400 18987 1108 98 873 873 0
2384 11515 2020 57 249 249 0
2900 51481 1598 29 901 901 0
2302 13788 364 57 429 429 0
1166 17172 240 34 162 162 0
2492 15289 442 72 499 499 0
1095 11461 1427 21 123 219 2
2378 26709 1758 95 275 539 2
2423 19128 3975 54 491 755 2
1721 12845 1648 31 419 626 1
2585 49286 2195 83 563 924 2
326 6239 304 19 582 582 1
1357 20091 271 29 161 237 1
2058 26072 4334 37 541 541 2
442 6921 5772 23 951 951 2
1546 25496 150 1 103 415 2
1086 7482 2748 64 810 810 0
848 10576 4561 67 990 990 2
297 1328 133 5 799 886 1
2548 22634 5719 29 163 243 2
1796 35481 2819 63 250 250 1
396 5154 2872 100 504 504 1
1692 6859 1002 79 82 82 0
1134 6627 3805 38 475 475 2
912 3754 5095 8 110 192 2
560 7061 888 95 205 357 2
2250 18548 1297 52 244 317 0
2524 12405 1211 11 266 348 1
2296 18801 1786 10 410 476 1
2456 43681 1053 84 509 509 0
380 5273 1682 47 64 64 1
203 3891 5268 92 631 653 2
628 8097 3545 48 211 238 1
1509 9878 1357 79 765 765 0
2173 11696 3072 27 160 191 0
2794 42523 2044 33 54 54 1
2370 38858 959 52 361 361 0
2138 38831 5894 7 680 680 2
2057 8822 2123 30 422 422 1
979 8720 1748 12 875 996 1
2211 28066 2599 17 969 969 1
2689 38308 190 47 146 146 0
2574 47462 4691 5 79 79 2
912 9620 3788 57 286 286 1
2584 25862 2897 91 678 981 1
2848 50193 2409 71 161 251 2
2688 37427 2607 28 100 570 2
2467 24448 2451 35 823 823 0
665 3715 2978 50 172 868 2
517 8137 4281 10 943 943 2
2284 9456 553 57 422 422 0
854 13845 1698 82 949 949 1
2265 20912 3018 71 629 710 1
2481 18009 4424 18 322 322 2
2080 33502 1609 9 702 702 1
415 3450 3385 89 861 861 1
1085 15037 3006 33 879 879 1
408 7302 2455 53 337 337 1
2041 39568 2870 87 610 610 1
1547 29491 3686 14 812 812 1
740 12942 4325 82 878 878 2
2447 43339 2293 41 0 103 2
680 11211 3850 20 517 591 2
644 12041 3686 30 32 32 1
1742 27070 931 8 92 158 2
2036 28639 5617 59 889 889 2
1807 28063 1304 94 207 331 1
329 4557 3474 73 78 78 1
333 6081 1529 20 985 985 1
865 4147 2264 81 395 678 2
2496 23790 716 78 554 554 0
2261 29835 1921 8 530 530 1
763 9443 3627 55 734 734 2
1968 34503 1346 57 890 983 0
667 8626 3977 26 896 896 2
2460 37474 1131 74 404 404 0
1087 21100 106 95 769 769 0
2690 40440 4698 53 24 456 2
1240 8456 5777 9 864 864 2
1562 22145 1927 45 826 826 1
1346 7187 1131 93 116 116 0
2090 16023 3062 43 501 501 1
2035 18170 510 85 253 253 0
1195 17792 5163 44 120 120 2
2617 34040 1840 70 677 677 0
1407 7790 5944 33 32 32 2
2685 12629 3292 42 8 8 1
2422 38768 5665 15 80 80 2
2187 40291 3302 39 837 837 0
425 3213 1888 92 336 336 0
572 9165 2034 61 350 411 1
2381 21157 5602 84 49 49 2
2542 48500 1722 61 675 675 1
2712 52263 2643 78 451 532 1
2490 12151 3247 65 107 143 1
548 10617 4983 83 12 12 2
1218 22885 5362 54 420 420 2
2994 18957 1626 30 649 649 0
2605 22722 544 28 310 310 0
1354 17754 777 40 306 306 0
2549 24513 4341 14 458 458 2
1953 29801 1118 67 927 927 0
2079 38655 5872 66 211 211 2
2464 33882 1809 88 267 404 1
291 5473 2349 27 830 830 1
1593 10675 2242 59 437 437 0
2250 35180 4052 30 731 857 2
2924 27417 1247 16 377 831 2
1745 13047 688 44 191 256 0
2832 21505 4736 24 619 619 2
2601 22502 563 30 479 479 0
1913 36722 3402 85 83 95 1
2668 35262 526 63 981 981 0
576 11500 1548 78 600 600 0
1144 10382 1856 17 10 252 2
1258 9025 4739 10 67 172 2
907 7816 5008 39 294 294 2
463 8038 474 32 373 373 0
2713 49573 4199 19 641 641 2
213 1156 4033 20 62 62 2
311 3979 5602 32 204 614 2
1304 25845 3384 8 362 919 2
1657 14159 5059 51 134 134 2
689 6765 683 48 451 992 2
771 13027 4215 52 572 572 2
1581 13036 1588 43 120 190 1
1427 28392 3963 71 45 45 2
2104 20469 258 10 903 903 1
1886 11767 5977 40 896 896 2
2797 41244 803 96 398 627 2
1699 26310 3282 78 162 203 0
1311 14438 3618 97 97 154 2
2950 39749 2979 71 183 183 1
720 4031 1973 56 59 59 1
1292 20556 5302 4 941 941 2
2488 30960 4410 16 127 265 2
833 16280 5766 12 271 271 2
787 10467 1501 4 13 13 1
1072 14293 3581 13 812 812 1
397 5726 5740 71 497 497 2
455 2119 2033 17 162 548 2
2712 45514 3748 56 262 281 1
2734 24010 5448 39 730 802 2
755 7662 2343 95 438 438 1
982 4528 2239 65 169 819 2
1862 10058 5293 58 300 568 2
1968 31932 5434 28 606 731 2
1420 9940 5529 44 86 281 2
2081 39943 267 5 32 149 2
1226 15563 3068 12 87 134 1
2253 9664 4732 75 256 256 2
2200 32825 263 54 1 1 0
620 8325 922 98 815 815 0
565 6756 944 12 2 76 2
1373 22615 4175 47 69 462 2
765 11028 5455 44 739 739 2
439 8092 4430 60 70 83 2
1475 23394 2190 91 805 805 0
1860 21373 4936 28 98 149 2
720 5907 1422 100 572 703 1
2883 42391 4459 33 707 707 2
1855 23623 5041 86 27 162 2
1212 20231 3230 96 704 704 1
362 3590 2328 26 95 448 2
2528 20602 873 36 494 494 0
2414 17916 5335 28 92 92 2
483 9016 4231 92 224 224 2
1262 7779 1421 41 130 156 0
969 10345 1109 74 738 738 0
1243 9436 3532 55 276 276 1
2149 30495 5255 98 397 397 2
831 11161 4241 84 579 890 2
1100 15792 351 72 7 10 1
212 1281 5548 5 118 132 2
717 11751 3801 74 292 359 2
2744 20704 2577 82 56 171 2
232 3356 974 4 75 75 1
1404 14835 4533 8 61 61 2
1509 14929 3744 15 222 698 2
2919 55545 284 71 974 974 0
1915 27279 684 36 113 832 2
2233 18692 719 98 631 940 1
2255 39252 170 52 284 403 1
1114 9699 5948 76 62 72 2
1340 14637 5416 82 542 542 2
1809 23513 944 23 360 902 2
920 16192 1040 11 264 315 1
542 5196 3429 24 129 281 2
2474 17847 3010 55 925 925 1
2370 34353 5077 3 737 737 2
1282 22379 2018 13 378 378 1
1111 11738 2035 98 414 414 1
2374 39441 363 40 471 569 0
2187 37832 2726 62 770 989 1
1800 30048 4380 50 168 374 2
1614 19415 2954 37 445 445 1
1301 21747 510 53 395 400 0
1031 20260 1575 8 27 27 1
784 14420 279 57 182 182 0
417 4711 4025 60 67 67 2
2591 37369 871 58 35 194 2
1108 10700 5517 83 819 819 2
2777 29891 1083 52 744 744 0
514 2375 4598 24 31 31 2
1141 12347 648 61 528 700 1
656 7317 115 62 225 225 0
1061 13433 1542 82 175 394 2
778 5299 4920 26 292 458 2
2780 13526 5751 41 261 261 2
223 1828 3292 76 536 536 1
668 8156 3846 28 714 822 2
905 17446 5489 1 154 682 2
1734 33521 591 48 216 216 0
2598 12888 4626 88 0 54 2
664 7198 5422 38 904 904 2
1702 30233 3100 71 363 453 1
1847 25560 2222 82 419 437 0
1153 10325 1920 43 71 71 1
492 8077 1552 53 389 389 0
2219 35384 597 8 535 535 1
1422 21199 4631 10 374 422 2
470 3736 2423 65 824 824 1
1614 20260 1469 42 978 978 0
1733 18493 2881 10 620 620 1
487 6274 964 42 585 585 0
293 1807 5817 27 541 793 2
2608 24996 1774 38 145 145 0
1245 23563 1572 49 69 71 0
428 1897 5449 32 278 278 2
1112 15915 3200 96 50 949 2
1110 11940 1545 44 541 790 1
2849 51435 3902 59 33 33 1
479 2744 3100 34 935 935 1
1160 15747 242 43 948 948 0
1102 17851 5644 79 261 261 2
2525 43339 2323 12 110 126 1
567 11173 1027 38 59 59 0
2090 39025 2294 99 105 105 0
1086 10391 4461 2 573 573 2
2211 41560 4258 3 520 520 2
756 5765 4432 8 381 456 2
828 7416 5201 88 226 242 2
1825 23670 4726 39 340 340 2
965 16693 5788 45 396 396 2
715 10599 1360 96 634 634 1
1307 12984 876 30 692 692 0
893 9887 4804 59 496 496 2
391 4315 4851 48 73 521 2
1244 15092 5738 98 289 304 2
2996 24110 5574 12 81 81 2
990 18462 5101 76 138 138 2
463 2313 2057 6 141 141 1
527 2877 2722 3 5 318 2
1476 20902 4354 56 174 979 2
1649 31698 4253 44 761 904 2
2751 54445 1031 3 364 364 1
2646 26862 3622 79 34 34 1
1281 22287 4711 58 776 776 2
2766 41065 5816 29 140 140 2
1491 14144 5264 42 402 597 2
290 2154 5062 85 435 555 2
973 7926 4988 12 472 472 2
1029 14542 5931 99 638 675 2
1773 22445 4114 1 689 952 2
912 4388 3580 4 308 308 1
2157 27480 4706 10 50 62 2
1666 20395 4986 7 398 398 2
2734 40927 2994 7 672 672 1
1703 10917 712 58 9 9 0
2322 12296 5628 26 390 918 2
2359 27658 3335 53 454 454 1
2251 16040 919 73 668 752 0
1519 12459 4534 37 806 880 2
1788 28932 3517 45 85 359 2
1443 7995 3534 91 87 139 2
1968 25902 3875 39 74 189 2
377 5867 331 49 56 56 0
1449 9213 3970 48 693 851 2
867 5521 1145 73 96 676 2
946 8774 2631 73 257 630 2
1618 20752 4964 78 907 907 2
2040 36451 1643 52 150 150 0
1424 11575 3365 89 77 90 1
544 4767 3370 15 53 61 1
353 6854 847 58 790 790 0
928 4039 4920 43 467 467 2
2970 24354 4466 32 681 681 2
1644 13273 369 71 8 8 0
1597 8507 740 58 556 619 0
1569 18970 3372 40 77 189 2
1886 28513 4017 78 498 498 2
609 6825 2674 52 113 113 1
2123 17253 1502 27 456 456 1
1367 17046 3552 78 183 209 1
2738 17273 729 82 268 797 2
2613 10909 3085 41 379 438 1
2378 41003 5981 57 770 770 2
1022 20098 3767 53 830 830 1
394 2237 4400 58 895 895 2
1389 22222 3140 67 299 819 2
2919 26996 1294 97 24 542 2
2235 16518 3415 17 408 603 1
1610 19753 5449 71 818 818 2
1853 31091 2322 19 480 480 1
1106 12584 590 74 51 51 0
1036 4319 4017 49 44 44 2
1050 14664 3361 43 98 216 2
2892 46047 3765 93 912 912 2
1234 21567 4875 88 989 989 2
1361 25505 3531 64 897 897 1
2985 37129 5084 22 370 370 2
883 8196 2531 56 913 913 0
1255 12813 1504 98 464 464 1
2393 34437 1977 56 747 747 1
954 9139 2998 80 683 698 1
283 5392 102 40 35 613 2
1831 30608 4396 29 861 872 2
2536 29253 706 92 334 334 0
971 7789 5202 60 482 482 2
2703 42689 2586 6 976 976 1
2645 13837 4257 40 505 692 2
561 9828 201 61 926 981 0
786 9256 2818 90 328 393 1
1114 16713 43 14 2 2 1
1041 17254 4546 10 138 138 2
562 5416 5872 63 472 501 2
2503 19402 977 81 22 22 0
541 5449 4363 15 373 385 2
2662 19826 2474 50 283 300 1
1323 13994 3516 28 886 960 1
2456 40979 1711 75 911 990 0
1512 29076 52 83 909 909 0
1144 14295 2206 66 50 199 2
839 11229 5738 5 217 217 2
2366 17311 4260 46 35 579 2
1955 28554 5013 73 292 292 2
800 4605 5398 95 50 244 2
1483 26895 3514 77 53 81 1
2964 52830 2670 5 470 470 1
1718 8821 42 9 449 982 2
2987 23685 5094 52 534 710 2
897 14743 1940 36 92 487 2
2814 35317 2230 30 436 436 1
750 12284 478 1 25 430 2
636 7647 1437 25 10 10 0
1315 6067 3572 71 689 689 1
2217 26941 4804 30 231 231 2
529 10535 3757 67 360 738 2
2403 27066 3307 89 819 819 1
1100 4440 2451 75 186 186 1
1495 21363 1287 78 497 497 0
1056 11912 2370 46 396 396 0
1020 16494 2468 78 10 432 2
2624 30290 207 84 59 832 2
551 4819 4675 44 262 343 2
771 9371 3097 75 845 845 1
1315 25925 4428 89 121 908 2
1135 7889 2388 96 254 254 1
339 4413 3995 33 326 326 2
2502 27636 4744 100 28 28 2
236 3112 2398 6 10 394 2
2773 16006 281 58 113 113 0
2000 20425 4303 32 767 767 2
467 5983 4946 38 145 145 2
229 3518 2768 47 303 354 0
2713 19365 5337 67 45 62 2
1060 15939 5574 66 1 2 2
788 5597 3402 46 214 364 2
1605 16151 2438 21 78 114 1
2342 33149 1399 82 454 454 0
1895 9241 1857 71 737 737 0
1277 24168 3444 47 36 213 2
2691 44466 3686 46 34 34 1
1684 13315 5602 98 471 471 2
1168 6712 1738 66 249 374 0
2585 41492 1864 60 603 756 0
2293 23659 4047 35 656 656 2
435 2663 2568 8 248 399 1
1686 13162 3454 90 840 840 1
2480 46385 5439 76 756 756 2
1118 17775 2700 97 113 113 0
2085 15090 1610 84 348 348 0
1812 32802 3574 4 13 18 2
2379 43159 125 53 40 40 0
1487 11753 2077 55 29 289 2
2862 51063 4352 100 19 141 2
1699 18687 2747 92 16 16 1
2614 51199 1067 32 397 414 0
2323 35099 2907 99 538 538 1
996 19272 783 57 726 726 0
982 12154 4460 31 786 786 2
1412 11921 4278 62 344 383 2
264 3526 1128 98 27 93 2
2546 47070 3345 69 185 185 1
1746 13279 4507 85 351 351 2
1357 10772 5606 30 196 196 2
1803 13147 5639 47 248 248 2
2836 15302 5500 37 348 819 2
1500 10012 5880 56 601 601 2
1314 23766 5907 8 79 79 2
2451 39395 4541 90 344 484 2
1399 9594 3095 46 632 675 1
705 10111 3561 87 994 994 1
2772 21733 5334 98 648 648 2
2612 44924 625 64 865 893 0
2041 22230 5585 81 895 895 2
1340 8346 2750 85 754 765 1
2144 32725 2327 84 294 294 1
1726 34151 4720 18 411 411 2
1763 9936 2191 63 359 386 0
1115 18632 284 14 578 578 1
2581 28319 2506 17 396 854 2
2804 53705 4023 62 114 152 2
2048 29545 2414 45 871 871 0
1091 17858 154 75 170 229 1
227 3287 3806 14 335 335 2
2517 12824 2442 77 215 215 1
2943 45793 2209 74 20 479 2
1577 6342 1043 55 433 433 0
1841 29045 4452 21 644 644 2
303 1633 5981 99 377 431 2
670 9792 4846 60 848 848 2
1642 10537 3866 16 399 399 2
582 8148 2691 90 61 61 1
1289 5403 4179 29 854 854 2
2040 19050 2490 38 474 620 1
315 5526 3607 92 276 323 1
1087 14792 2630 41 497 497 1
834 14360 3970 49 83 433 2
1258 22724 1408 81 318 318 0
1032 6376 3159 85 267 267 1
1876 26453 5047 27 333 357 2
804 8404 5769 61 302 462 2
1879 8650 3220 61 946 946 1
359 2899 1635 85 271 271 0
2409 13657 2085 97 44 63 1
434 2211 258 19 285 285 1
378 2286 2379 44 224 224 0
711 9203 4578 14 954 954 2
1582 23774 4836 45 31 218 2
2526 29187 5923 2 85 230 2
1691 32544 5527 95 936 936 2
1846 17738 2728 69 3 3 0
385 4506 2054 93 23 23 0
325 3118 2681 60 32 40 1
2094 33347 2005 87 257 483 2
1988 26773 1085 78 790 790 0
982 12097 271 92 165 556 2
1016 11768 2060 29 260 260 0
909 11851 4323 78 176 176 2
2485 20244 2734 25 20 123 2
2329 25391 4355 29 133 154 2
2106 23634 2340 91 426 426 1
410 3842 3509 42 444 444 1
696 13433 1555 58 628 701 0
1064 9909 1111 5 344 503 1
2530 32580 1459 18 314 397 1
1209 7878 4619 53 211 238 2
1701 7265 2722 19 99 814 2
1020 6837 5773 90 138 668 2
2334 13649 3510 66 350 350 1
2758 19815 5121 60 565 565 2
942 15191 2488 58 373 396 0
1675 32178 3718 95 516 516 1
2541 17136 59 96 289 289 0
1296 18943 981 36 141 302 2
1558 8769 227 36 715 735 0
825 12082 607 61 483 483 0
2681 45989 4677 17 173 247 2
502 8299 700 82 784 784 0
218 2432 1377 39 467 519 0
1901 21180 890 28 291 381 1
2175 35800 4656 89 270 270 2
1062 18455 939 59 561 561 0
1347 18449 1799 86 410 430 1
1901 37441 2809 35 90 90 1
1184 10089 1926 71 100 100 0
761 10720 4222 88 392 392 2
2884 56613 1754 14 698 698 1
258 1677 5324 94 5 5 2
2373 34062 5285 27 136 136 2
653 5007 5508 43 720 754 2
907 10975 3945 35 514 514 2
794 10787 1250 65 842 842 0
2016 13164 1555 63 209 341 2
2901 33315 501 47 602 602 0
801 8045 1770 54 424 424 0
2304 35778 988 55 531 815 1
1970 12429 2174 12 583 743 1
2368 34617 3824 55 217 217 2
204 825 5892 62 653 729 2
2296 11424 3945 78 516 516 2
1040 4357 2848 33 759 924 1
1021 10562 2558 86 838 838 1
1507 9402 3279 17 100 846 2
1769 29230 716 26 292 292 0
208 2910 4244 54 225 779 2
235 1068 417 100 32 32 0
1535 26445 5878 69 144 568 2
623 7944 5951 42 564 564 2
2324 21493 4622 28 389 414 2
353 4033 566 9 919 919 1
1418 14619 411 66 320 320 0
2738 41302 3278 95 241 805 2
1894 11514 4908 54 287 287 2
715 10914 283 27 202 202 0
2321 26140 5093 75 13 353 2
1425 24981 2656 65 140 595 2
1418 18535 195 61 88 88 0
2474 44883 1530 26 24 24 0
268 5046 2728 36 100 100 1
1565 19413 2888 73 63 708 2
321 6272 2308 11 350 350 1
1654 30811 2544 32 479 491 0
1827 32989 806 88 543 633 0
631 3266 2876 78 85 85 1
641 3316 1156 66 997 997 0
468 5295 2161 65 937 937 1
1502 9198 4963 21 685 685 2
847 7219 394 88 290 345 0
1543 24481 3365 33 403 632 1
1458 25969 3692 18 706 706 1
1914 8781 2567 55 506 506 0
810 5757 4082 9 687 687 2
1251 6087 3834 91 983 983 2
2574 43313 4783 57 344 344 2
2840 33124 1887 89 507 819 2
402 7077 4369 36 453 453 2
695 4345 1305 22 56 59 0
1648 19090 4550 27 168 214 2
933 14414 4182 28 454 454 2
2489 46521 661 84 138 138 0
1007 15915 5418 62 23 23 2
1087 20565 2435 31 601 686 1
2524 44115 1033 13 840 891 1
235 4590 2569 2 914 987 1
1194 17489 2539 98 297 297 1
2533 30869 5076 39 784 784 2
652 4153 1482 97 374 374 0
2133 20278 3825 85 720 720 2
547 4937 358 10 329 329 1
2537 35026 4282 54 623 863 2
1692 8847 5468 7 862 862 2
1634 11692 3597 52 987 987 1
2846 21211 3567 25 345 345 1
1170 20161 2368 41 374 545 1
238 1307 3479 42 226 405 2
464 7143 2530 88 145 804 2
2848 26017 1072 58 723 723 0
521 10231 2422 88 680 680 0
2987 37398 917 53 508 892 2
243 3142 2843 81 607 870 1
677 3826 2344 23 217 610 2
1316 20798 4144 67 439 537 2
2275 25657 2439 31 502 587 0
2184 15959 678 39 149 557 2
2789 18692 2909 20 909 909 1
263 2942 5591 91 602 602 2
2208 38372 1668 56 22 31 1
1307 22768 980 11 262 262 1
692 9578 2233 19 63 214 2
1198 5136 2327 13 17 885 2
2220 38955 53 60 943 943 0
2530 38411 1985 79 921 921 1
944 9507 1843 44 87 107 0
1432 11448 2881 30 218 218 1
2559 34329 3824 91 17 414 2
2447 44784 2725 66 317 317 1
1421 23894 5552 42 129 129 2
925 8955 5756 62 28 366 2
504 8137 1374 28 525 625 1
327 2762 1810 45 124 162 0
2257 32498 3241 72 248 248 0
1916 34279 4749 22 479 479 2
2319 10356 4504 52 229 229 2
709 10031 3482 15 176 228 1
543 5475 3186 52 391 391 0
2893 35582 2946 57 215 367 2
714 9442 5286 87 566 566 2
2003 34826 3647 49 13 194 2
1215 20544 1800 13 68 277 2
451 5314 2832 76 71 132 2
2186 32935 4488 87 15 16 2
2398 42014 3356 80 85 85 1
2003 26752 3327 11 116 438 2
2816 52999 861 14 41 816 2
1360 25903 4130 42 135 135 2
882 14527 2380 82 589 589 1
1981 34233 404 17 654 816 1
564 8945 4031 16 120 120 2
299 3322 3615 4 273 273 1
465 4117 2088 21 142 257 2
267 3396 1019 32 886 886 0
2256 42577 4441 8 771 771 2
2302 9324 4437 6 331 797 2
438 2924 2509 26 552 552 0
2748 47278 5703 70 896 896 2
1349 12766 662 29 726 726 0
1776 19965 535 4 10 164 2
2363 44707 3746 46 697 697 1
1206 23317 3225 47 743 743 0
2092 38706 1008 50 87 445 2
2810 33588 1358 73 363 363 0
1320 17913 2052 59 266 281 1
717 8668 1769 51 269 345 0
1199 20748 3312 86 36 729 2
2686 12011 4487 92 359 592 2
1072 18601 3452 98 27 144 2
1398 15231 4507 43 392 392 2
2029 26712 296 65 604 834 1
599 6640 5919 15 850 850 2
2682 39073 4485 53 22 22 2
443 7479 3528 43 908 908 1
750 5775 3169 17 171 323 2
1356 14700 2786 67 692 692 1
474 2541 5059 54 45 101 2
1743 25318 2162 7 179 281 1
1030 12674 46 87 549 891 2
1653 21209 4015 99 599 599 2
2513 39517 2429 33 243 414 2
488 3822 2993 15 245 352 1
2687 37954 3923 63 274 274 2
2994 52763 4941 16 886 886 2
1458 25182 813 57 113 857 2
2785 19946 5910 6 35 75 2
1637 18824 1804 85 192 364 2
1782 16118 4132 84 8 11 2
1742 12060 129 77 359 359 0
1273 13990 473 90 319 319 0
987 8177 4696 74 129 345 2
2486 49683 638 8 67 570 2
2064 39030 3257 82 100 227 2
1964 23222 2039 29 22 37 1
1306 19063 5381 63 304 606 2
228 2880 1507 41 100 644 2
1853 14933 5025 87 444 444 2
1318 9848 1900 60 179 179 1
2209 17293 91 35 872 872 0
2624 22866 4431 77 112 112 2
778 11253 5984 11 695 695 2
501 3069 1359 4 434 434 1
652 5410 4973 59 726 726 2
491 8882 4003 86 942 942 2
264 5125 1244 65 705 873 1
1996 23002 3277 63 225 233 1
2883 40903 3162 12 113 113 1
2160 26080 2055 14 8 224 2
703 8279 1378 59 352 352 0
687 7250 1810 99 140 497 2
243 3960 1309 85 608 608 0
1204 17161 2168 45 877 877 0
773 12815 874 54 537 578 0
674 10878 5953 39 585 585 2
1094 15536 4035 14 711 711 2
1061 17424 3924 82 476 489 2
340 2893 3619 21 374 374 2
791 7104 4388 14 503 503 2
2465 39822 4542 21 886 886 2
2733 41793 5215 45 110 504 2
2880 23734 2624 37 206 206 1
2417 41288 5557 67 158 227 2
1703 21430 4980 75 97 128 2
2334 20620 448 67 289 612 2
995 4578 3157 82 386 557 1
803 5020 3066 41 617 617 1
1605 31635 5073 48 368 375 2
758 14182 438 23 265 419 2
1809 33127 2600 6 666 666 1
2704 49208 5459 66 94 94 2
2860 31923 577 87 13 13 0
2326 20958 279 25 62 62 0
2503 13247 3789 68 97 341 2
2737 18428 3809 98 232 232 2
1953 8130 3791 74 281 704 2
2568 18961 3964 21 148 257 2
272 1451 1134 43 703 703 0
693 11519 3870 95 668 865 2
619 8045 5817 49 376 957 2
1407 20091 1568 26 683 798 1
822 6137 1121 52 16 16 0
320 3868 86 87 90 694 2
282 3791 639 87 10 957 2
2276 12704 4527 40 952 952 2
862 6942 5047 41 12 12 2
699 5919 1077 99 72 72 0
2454 27735 635 38 7 886 2
1727 28043 5879 42 983 983 2
2424 35726 4055 71 310 310 2
2431 44341 1037 2 803 803 1
888 10714 1079 76 329 425 0
2874 52333 402 27 423 423 0
733 13331 5787 37 910 910 2
549 10162 4537 41 921 921 2
2743 17437 2476 98 239 239 0
2086 41565 3000 58 201 622 2
2233 25339 3623 96 765 765 2
1279 20590 3733 22 590 771 2
1058 10607 3087 2 241 998 2
1067 11529 3774 76 267 267 1
1157 17946 2406 93 56 56 1
2986 27539 3447 97 36 136 2
2513 18890 3844 68 268 281 2
1698 27403 119 70 420 420 0
2339 15695 2212 72 62 409 2
1677 18250 3763 11 289 289 2
2406 47154 1898 78 362 564 1
1964 15371 1579 88 846 846 0
1812 32482 2645 32 706 706 1
2781 37712 4712 98 990 990 2
2510 18186 5528 3 386 386 2
416 7245 2092 56 699 699 0
824 14240 1975 44 925 925 0
1246 11399 1087 92 113 269 2
2219 16510 1877 26 172 172 0
1927 9361 620 44 666 666 0
1722 14063 4572 63 414 516 2
570 11315 1785 34 261 799 2
2013 31765 3119 26 910 910 1
2374 46573 2383 8 570 802 1
1083 5917 4526 47 810 810 2
1402 20672 2333 90 923 923 1
1088 9010 5119 65 378 378 2
1516 18425 2089 89 545 545 0
2343 37681 2739 53 429 429 1
2585 32363 5629 69 621 621 2
1875 11215 5741 96 772 772 2
331 2808 5242 39 583 803 2
2251 30247 161 76 51 411 2
2801 25578 1114 39 800 800 0
1573 26348 3302 78 280 299 1
2172 12837 3051 17 590 755 1
2655 19696 2743 5 615 731 1
1623 7658 5439 61 487 487 2
1171 10249 807 38 456 456 0
2087 30000 4321 40 666 666 2
2795 34968 4881 44 789 789 2
1156 23049 592 78 378 595 1
2425 21947 5641 7 385 399 2
1103 19341 730 98 533 533 0
2319 40227 3909 30 96 445 2
408 5243 2889 58 608 608 1
2034 9967 1001 10 552 552 1
2229 31294 4555 20 452 928 2
566 8167 5772 34 90 339 2
2078 28549 3305 45 69 69 1
978 9194 1737 53 712 712 0
433 6825 5332 28 638 638 2
530 5299 3104 77 929 929 1
978 7833 340 99 357 385 0
1198 5862 276 97 35 710 2
2657 49682 4977 8 316 441 2
2128 37827 3772 8 491 593 2
1381 13547 3191 98 898 898 1
2019 32650 3945 83 413 413 2
1608 15724 4688 18 333 425 2
1772 31884 170 46 107 271 2
2365 19244 5463 12 383 383 2
436 3304 5528 2 419 516 2
1925 13941 1379 8 54 54 1
593 3556 612 87 299 299 0
2238 21116 2150 75 124 205 2
561 4668 4246 41 618 618 2
1708 7908 5534 66 594 594 2
1531 24548 2688 43 21 38 2
2350 36049 1185 43 97 97 0
2327 27203 226 1 104 171 2
803 15325 5287 53 275 994 2
819 6625 4248 64 619 841 2
849 14098 3018 93 377 377 1
2592 38960 3340 59 890 890 0
1108 18682 4432 45 730 784 2
611 8681 5482 66 87 708 2
2628 51657 726 79 51 668 2
321 2068 1787 88 6 6 0
351 1452 5200 94 774 774 2
1305 17800 4817 37 545 545 2
976 7360 2263 6 833 833 1
613 7949 1591 45 157 157 0
948 12606 2824 27 70 70 0
2803 29141 2558 75 93 93 1
1012 5758 810 63 165 177 0
1302 21712 2095 74 104 302 2
1652 13652 2831 88 500 500 1
411 4488 2518 27 833 833 0
1551 11792 1225 75 529 529 0
2882 45063 507 16 86 86 1
790 4215 3030 89 25 136 2
1405 24574 2326 18 100 125 1
1714 24076 5526 46 277 905 2
1102 18664 5022 57 234 234 2
1028 10779 4076 3 799 799 2
759 10250 4704 19 496 820 2
2095 33659 633 27 917 917 0
434 5529 5584 64 282 282 2
913 6566 601 89 935 935 0
2460 15115 367 6 465 465 1
2486 36208 3949 93 349 349 2
1411 19930 380 54 373 385 0
2430 23810 1366 5 206 316 1
2046 33233 4969 70 135 191 2
890 5904 2620 84 757 757 0
1141 8919 4749 65 922 922 2
1636 8030 4756 10 349 444 2
2414 23678 1336 86 854 854 0
2131 33076 759 3 896 896 1
286 3174 1484 14 730 730 1
2295 45138 4622 4 624 624 2
1662 20147 3863 69 937 937 1
2763 25348 802 29 546 805 1
2738 21923 5651 93 665 665 2
2058 22448 3081 71 26 342 2
1511 15572 3556 95 495 495 1
2086 12859 4531 13 42 153 2
2898 30089 4526 48 624 624 2
939 15053 2198 71 598 598 1
2094 9877 4137 67 436 436 2
2500 42795 5467 76 249 294 2
2988 47803 5111 54 425 425 2
2477 47469 4084 59 396 396 2
2340 16129 3171 13 44 457 2
1631 13545 5819 70 684 684 2
1287 15354 4418 89 22 26 2
1192 22598 2832 20 622 622 1
1126 18291 5822 91 15 15 2
1772 8437 5963 98 33 33 2
398 7784 2085 8 0 3 2
2363 22006 5773 43 177 181 2
2910 36911 1649 3 326 466 1
1066 16431 3827 80 197 221 2
249 2746 259 58 311 311 0
1763 8216 3196 96 523 707 1
1712 27245 2924 62 480 480 1
1150 8751 95 50 943 943 0
1125 22370 4783 19 148 545 2
628 5027 868 68 684 878 0
1361 16697 3354 1 412 449 1
880 12691 5737 10 843 843 2
604 6621 1915 78 325 325 1
795 5688 1611 95 497 575 0
1486 12279 2554 76 167 167 1
820 4234 3906 1 390 630 1
1335 23571 4596 42 536 560 2
2252 32742 5135 26 269 269 2
1136 4765 3565 4 19 24 1
1764 10545 959 12 571 631 1
2030 19182 1820 58 56 78 1
881 9063 5096 22 245 245 2
1940 33154 2534 47 117 161 1
2622 27241 1888 46 705 807 0
2379 43960 2655 36 27 68 2
1886 26421 2924 40 0 0 0
683 4933 5728 75 146 183 2
1394 23110 4376 73 44 58 2
507 2300 5226 73 403 437 2
1366 12597 3031 93 3 473 2
2429 25343 3813 24 828 828 2
2647 44244 4008 89 612 890 2
1688 17151 4174 9 634 634 2
1539 10915 2822 69 641 886 1
2400 45964 850 46 703 703 0
2095 40906 4195 29 93 121 2
2165 38900 1593 92 109 109 0
820 5399 5008 43 993 993 2
981 6211 2724 2 514 514 1
2429 28118 5840 86 841 841 2
1459 23240 495 69 133 133 0
2662 11736 958 40 62 138 2
2341 15581 5214 3 790 790 2
1520 12109 4186 85 3 85 2
512 2712 4060 39 339 398 2
2179 41953 5997 66 190 190 2
2311 15297 3678 68 723 940 1
910 15263 4327 21 342 342 2
2206 13451 5936 18 622 622 2
1964 30074 3441 100 57 78 1
1608 14268 2678 69 111 622 2
1760 25222 29 15 912 912 1
2023 29359 4577 64 909 909 2
1677 31041 222 97 121 287 2
425 2602 4467 60 26 452 2
2405 19591 3147 32 1 258 2
2364 28904 1281 87 559 607 0
2089 25993 2433 1 197 382 2
1451 25460 3162 75 185 223 1
1539 10062 3347 95 407 407 1
1565 9156 4437 28 419 536 2
1900 29224 4322 20 924 924 2
2725 33248 1270 73 535 546 0
1800 14708 4589 93 686 686 2
1260 16466 4933 23 483 483 2
2496 30991 5864 16 717 717 2
1941 25187 1624 2 112 112 1
1076 18157 5196 9 901 901 2
411 8026 2641 65 635 635 1
1686 21505 126 10 123 123 1
1535 7803 4687 13 186 257 2
351 5406 1222 34 107 107 0
411 5899 1841 28 201 201 1
1490 7485 879 80 28 28 0
1734 9828 2199 98 288 288 1
2172 42849 5670 82 501 850 2
440 7307 130 8 541 541 1
1140 13399 387 76 539 539 0
347 5109 1877 31 230 230 1
867 3755 3008 7 532 532 1
2147 27015 4451 3 19 313 2
760 5404 2034 34 738 753 0
2460 24696 875 37 246 246 0
473 8120 5051 59 14 28 2
2742 29150 4057 45 38 162 2
1839 18162 1579 35 530 530 0
266 2043 3829 28 659 659 1
1510 7674 3815 41 142 142 2
2134 21880 2493 35 176 284 2
848 9509 3269 29 359 359 1
2394 44576 4973 15 437 521 2
2403 41486 4068 72 587 587 2
730 8643 4474 13 150 583 2
1634 27273 2683 37 180 237 0
2541 24911 2891 16 985 985 1
1083 8313 5299 47 592 876 2
1020 9490 2078 13 876 876 1
392 7066 2366 18 176 191 1
1517 28458 4510 84 98 98 2
1696 22364 3306 74 158 158 1
237 3996 1125 42 70 70 0
584 11292 4330 99 294 294 2
497 3133 170 54 874 874 0
1523 24470 2448 73 647 647 0
201 2285 4773 47 614 614 2
2461 32766 812 80 691 691 0
1293 16740 4590 39 193 258 2
1390 13183 3304 50 117 1000 2
1391 5940 5797 77 489 489 2
495 3205 5878 6 500 500 2
1547 25668 4500 25 1 132 2
2744 16676 1893 10 670 670 1
326 5933 1689 52 847 861 0
1116 18445 3627 81 938 938 1
824 5843 3318 39 23 322 2
2414 41290 5889 36 687 687 2
1537 9397 4881 73 695 695 2
1393 14961 1748 24 828 963 0
2737 50356 5790 34 631 631 2
1214 11734 3724 43 253 689 2
2050 22309 2207 86 211 211 0
1743 32523 883 47 611 611 0
1579 30610 3828 25 118 118 2
400 2762 68 4 290 290 1
894 6539 3792 50 465 489 2
2567 43387 5208 5 571 578 2
1296 13031 5847 92 581 781 2
575 4463 1915 25 971 971 0
433 6868 5587 32 572 627 2
2729 20068 1449 43 360 360 0
1075 5366 3566 68 516 985 2
423 5475 961 98 75 75 0
637 6871 1811 8 2 2 1
1318 14776 3849 7 1 1 1
2621 36034 5369 81 167 167 2
2921 19027 712 60 0 124 2
2101 9811 4141 36 387 387 2
2549 46631 3750 5 584 584 1
1949 33780 583 24 62 66 0
2039 40042 4722 42 274 289 2
2282 38289 3610 86 76 107 1
494 3183 5902 68 822 822 2
2257 12362 5755 22 405 524 2
591 7214 578 3 168 412 2
895 12707 3137 71 305 305 1
1243 22416 4537 11 330 330 2
1888 14948 2765 99 64 112 2
1116 7261 4177 13 150 150 2
2898 53028 3677 53 101 222 2
2689 29763 4784 1 529 541 2
2386 23895 3283 17 680 680 1
913 12602 5588 80 487 487 2
628 4172 676 85 199 213 0
2450 27104 5496 77 746 746 2
2366 30235 5901 91 658 929 2
545 4783 1586 13 480 480 1
2657 48071 1292 35 208 355 2
885 3965 2499 11 326 326 1
1620 14051 4549 21 36 74 2
279 4503 2510 89 508 508 0
2693 21018 1761 85 920 920 0
1221 18926 2388 46 71 84 0
2129 10304 5587 50 67 424 2
2707 32977 4748 60 955 955 2
2471 19567 2870 26 21 861 2
703 13418 3231 6 537 754 1
811 7954 617 46 635 739 0
2358 18961 1571 46 240 989 2
1667 27397 3952 13 144 144 1
1211 12474 4756 31 477 638 2
2083 8824 3086 11 663 663 1
1814 32677 2821 60 666 666 1
958 10872 615 84 825 825 0
310 1584 4490 89 15 187 2
2606 14564 5624 36 1 1 2
1636 19905 2160 17 658 821 1
494 5877 664 26 578 631 0
2887 30381 944 4 607 878 1
1689 18466 4843 45 196 196 2
350 4658 5154 86 215 240 2
2739 18836 187 65 758 758 0
1206 11010 5484 84 385 385 2
280 2828 1011 40 184 578 2
1471 26219 5782 88 54 149 2
1502 13100 1699 69 652 996 1
234 1734 3437 36 369 488 1
288 5243 4553 86 350 350 2
2698 35930 3904 95 238 238 1
1405 11687 5116 94 214 386 2
2671 20159 3629 49 85 85 2
1881 26388 1752 51 248 248 1
418 1768 2903 59 963 963 1
2713 20683 4408 74 958 958 2
1127 6365 3218 73 744 809 1
1763 29713 1881 35 12 16 1
2559 32961 5738 2 827 867 2
2063 17248 5992 46 543 685 2
468 8993 4009 94 152 152 2
287 1748 4306 40 480 480 2
2935 33714 1177 34 186 535 2
1960 22959 1470 76 105 129 1
1066 16959 3778 87 406 406 2
957 7293 3013 28 69 884 2
2441 25389 592 40 469 469 0
1082 4716 3674 4 140 140 1
1706 33189 312 17 128 147 1
1251 17129 1129 91 966 966 0
1364 21549 1954 37 208 279 1
2618 32066 3038 6 129 285 2
386 7127 354 41 531 571 0
1563 23279 3031 25 3 7 2
2667 37863 5499 95 648 648 2
1130 18791 4753 51 69 75 2
2458 47070 1264 19 38 137 2
1844 8292 3316 61 76 76 1
1610 21955 796 89 454 454 0
2139 41377 136 49 795 795 0
1024 17117 120 19 134 238 2
810 11823 5176 12 137 140 2
2489 36281 3383 34 501 501 1
1216 24292 2807 38 893 893 1
2450 27332 2099 52 617 617 0
929 8897 624 95 600 600 0
1987 19225 2950 16 231 814 2
1618 26995 548 81 458 855 2
603 8877 4102 87 842 842 2
849 10247 1009 78 387 572 1
1406 24681 27 48 231 231 0
526 10190 3620 97 378 378 1
655 4684 3260 26 119 119 1
2881 32971 2705 31 834 869 1
308 4668 4354 83 677 677 2
1969 27495 3841 73 373 504 2
598 5449 592 66 181 181 0
516 7163 5427 75 419 419 2
2472 13455 4156 28 246 346 2
1728 15095 436 80 802 802 0
2069 16529 336 26 255 255 0
539 7869 5157 89 605 886 2
1052 20536 4325 98 495 573 2
720 7523 178 39 256 356 1
1997 28502 3256 17 159 159 1
1423 21239 3472 72 629 678 1
1980 27447 3256 12 376 376 1
2961 35595 3640 68 876 876 1
1948 27576 5085 90 185 212 2
1989 16894 5628 81 622 622 2
1230 14159 4687 21 95 95 2
1836 9380 907 96 722 948 0
464 3536 5786 53 48 48 2
2933 57667 5260 62 457 457 2
1138 18836 2141 54 499 600 0
1591 10451 2152 45 781 781 0
2033 17165 506 93 118 212 2
897 15424 3688 64 257 334 1
1764 20779 2510 86 637 733 0
915 17276 5350 57 608 608 2
2833 32350 3070 94 676 676 1
435 7274 3756 100 557 557 2
422 1899 1433 59 132 431 2
312 3937 316 28 502 651 1
2697 50870 3934 76 630 630 2
1405 21002 5178 27 961 961 2
2901 15663 498 60 466 466 0
513 3608 3083 5 696 886 1
2897 23962 2432 23 441 441 1
674 11901 2065 97 984 984 1
1906 16757 3584 84 252 819 2
1413 13908 595 54 760 760 0
1518 30046 1858 86 282 985 2
1458 13918 5102 47 487 487 2
2360 21281 2780 37 554 759 1
1625 16218 2629 92 263 346 1
2291 22320 5350 50 176 176 2
1722 23375 4792 50 713 713 2
1349 25562 5648 58 838 838 2
2087 11357 4467 2 887 887 2
2503 18498 4600 24 82 473 2
569 10036 5718 44 557 557 2
487 8352 2896 97 116 116 1
2756 34213 5656 93 664 691 2
1762 25109 1442 94 169 457 2
1323 10459 1945 21 62 80 1
1955 27796 3314 68 71 530 2
2357 16220 2832 14 312 312 1
2186 17365 3174 36 513 513 1
1553 14047 5972 10 873 873 2
2987 37903 1227 1 405 593 1
1648 21679 2377 20 677 781 1
1682 16287 2622 36 43 504 2
1020 8994 246 3 766 766 1
2074 22201 3363 57 541 541 1
2516 14950 3106 16 551 551 1
2968 22424 3785 54 715 715 2
2326 25449 5507 31 0 0 2
470 4303 5413 74 791 791 2
2109 11399 4051 14 637 637 2
2126 14777 3894 45 406 612 2
2739 23044 719 46 154 996 2
1892 22327 4003 33 752 752 2
394 4265 1339 23 831 831 0
2389 17786 1864 79 195 195 0
1779 8735 714 91 247 247 0
1929 22566 1965 14 29 253 2
1889 12567 589 98 27 52 2
1898 23837 3547 79 163 247 1
2224 30473 423 61 383 383 0
1045 13311 3138 47 27 74 2
2650 23615 1470 23 164 914 2
2973 53766 2411 37 780 780 0
1398 27006 5156 37 397 397 2
1708 22650 247 58 117 833 2
1500 10745 1976 57 345 345 1
670 5088 5293 39 854 854 2
423 5835 3968 44 807 807 2
960 17044 3071 76 986 986 1
2754 52007 417 23 264 264 0
2740 16263 5072 25 6 30 2
724 5230 5211 47 246 246 2
471 5029 5507 47 976 976 2
297 2593 4006 54 500 500 2
377 4216 4486 15 291 291 2
1616 31073 3074 93 471 471 1
2816 41218 4584 67 443 547 2
1266 16445 3310 30 711 711 1
2422 33339 4787 51 671 671 2
1928 15205 1744 38 363 574 1
879 12114 680 55 648 818 0
2761 41993 1504 62 461 461 0
715 7267 1049 91 224 224 0
1132 11260 5828 33 381 648 2
473 2135 3013 92 432 432 1
1091 11849 4404 27 620 718 2
2372 44369 1703 18 443 503 1
2939 19585 2416 90 500 500 1
1251 6399 5083 80 109 115 2
1914 34306 4780 98 11 233 2
1635 18529 686 95 345 855 2
225 3811 3417 35 753 753 1
248 4843 5125 74 786 954 2
960 4811 3615 51 70 98 1
282 3439 1091 55 290 290 0
1197 6300 1689 98 273 273 1
2826 13220 5131 92 799 799 2
335 4232 2645 79 935 935 1
406 4029 5821 21 833 833 2
1078 13065 633 23 754 754 0
720 5413 3727 90 370 370 2
324 3869 3483 8 333 333 1
273 1644 3349 83 285 632 2
2731 26254 5359 44 1 685 2
546 5095 535 92 67 67 0
250 4388 3083 61 750 750 1
2030 8979 4127 48 152 172 2
1664 12812 1675 15 505 505 1
326 1914 3960 57 830 830 2
2651 47555 1912 10 265 504 2
2050 8997 591 14 82 141 2
2244 42473 5118 65 902 947 2
1257 23873 1573 94 406 406 0
2972 50280 4982 53 39 39 2
2137 30839 4481 81 527 797 2
323 3961 5906 29 640 640 2
412 4566 1049 33 15 317 2
2594 27531 5182 48 588 588 2
2212 26062 1369 98 201 390 2
462 7722 1795 55 626 626 0
2295 44387 2325 7 286 863 2
2908 19511 5572 95 204 342 2
2927 13439 1087 4 26 327 2
377 3344 2250 46 537 816 1
2846 48414 5283 68 228 286 2
2389 16003 4958 93 283 283 2
857 7161 3037 80 10 14 1
2567 34233 5710 8 250 250 2
659 2925 3711 39 503 503 2
2140 17868 5121 45 508 838 2
790 10779 5450 24 181 181 2
2907 56658 916 17 739 739 1
519 9285 5387 63 60 60 2
988 9300 4326 35 101 101 2
1116 18100 2035 13 421 421 1
2216 12671 593 75 456 456 0
2204 13061 4157 99 13 61 2
1350 22438 59 18 795 795 1
734 7461 1961 13 269 269 1
2743 47375 2815 66 177 269 1
1898 28952 4342 56 202 740 2
1295 10509 283 19 747 912 1
1758 29205 2711 39 64 242 2
2754 12937 5421 57 82 121 2
1122 15139 465 42 543 543 0
1575 6340 1255 56 898 898 0
1134 22302 983 93 112 112 0
2491 47697 4280 100 856 856 2
1693 12148 435 16 640 640 1
1889 23165 3782 47 691 691 1
2577 11678 1037 21 632 632 0
2188 17960 1579 1 856 856 1
1872 23951 410 56 17 191 2
2848 26761 4724 64 831 831 2
1845 25798 3349 37 522 522 1
694 3674 2964 56 484 484 0
2849 41589 4008 15 354 354 2
1210 20088 5323 30 157 157 2
1823 34897 5860 59 741 741 2
2970 31592 1286 53 534 534 0
2617 29302 5356 72 181 732 2
1933 27505 4151 13 205 205 2
2458 13786 1956 95 317 401 0
890 13211 195 85 220 409 2
1319 24131 5339 14 939 939 2
320 3804 2187 100 637 637 1
489 7308 5427 89 944 944 2
2744 53096 1986 92 622 622 0
2277 28457 1754 49 696 696 0
205 4100 4326 100 854 854 2
1631 23192 1173 15 377 438 1
2039 38866 5745 65 29 504 2
957 10691 4717 42 467 467 2
793 10517 1459 89 497 497 0
1474 9564 1753 87 181 262 1
893 3963 2567 20 212 403 2
677 9414 258 53 121 121 0
1583 30956 3968 6 110 110 2
1909 23285 2428 83 737 937 0
1449 12332 2602 35 947 947 0
1877 23304 4005 2 16 16 2
1432 23630 2684 46 985 985 1
2856 54246 1010 91 226 226 0
1458 20915 782 29 374 374 0
2001 38957 124 86 506 506 0
1944 27963 1095 21 333 352 0
1900 24911 4555 62 511 511 2
291 5574 3226 88 195 195 0
898 14392 4529 93 939 939 2
252 4888 5314 40 768 768 2
584 7476 4933 13 389 798 2
385 3900 3903 74 350 358 2
1946 10861 2057 68 747 747 0
2658 46030 3695 2 511 811 2
1347 10488 2852 43 153 153 1
773 14277 5786 49 95 112 2
337 2473 1615 15 1 1 1
1428 17400 5941 30 393 401 2
1409 8235 781 31 236 236 0
1118 10707 2331 41 280 280 0
1792 17759 1004 61 266 266 0
532 6304 4440 81 810 810 2
2466 33868 3932 32 41 59 2
2556 27978 2301 8 869 869 1
1925 9218 955 82 389 471 0
498 7818 5956 18 712 914 2
2730 24902 1823 95 24 33 1
433 3082 2792 24 226 226 1
1578 14400 4556 34 520 520 2
495 4245 4250 64 563 563 2
2100 40632 2163 64 93 93 1
2466 16560 61 26 954 954 0
1950 23222 1855 57 189 189 1
720 9720 3603 75 789 789 1
2032 38684 2111 11 682 682 1
1186 13371 721 54 518 518 0
2110 34093 119 82 684 822 0
1175 5874 2060 85 42 42 0
2614 33510 5633 83 468 468 2
1190 5956 4746 4 582 582 2
2214 8968 1050 45 179 188 0
1607 28914 699 53 814 814 0
904 12427 1962 70 65 65 0
1752 32202 686 50 379 548 0
2480 21779 4017 28 450 450 2
1098 13852 4336 1 458 458 2
808 9484 3353 79 592 625 1
2138 17628 4294 67 270 763 2
2186 14760 479 92 599 599 0
829 8695 282 33 398 398 0
968 6760 1336 8 820 820 1
2986 24700 5516 75 441 441 2
1093 21335 3506 88 314 314 1
1659 32496 5147 77 113 640 2
284 1947 2099 66 673 673 1
1690 18961 3269 73 141 196 1
318 5253 4044 8 775 775 2
2971 18116 4458 83 215 215 2
2834 38711 390 93 414 414 0
681 3129 612 90 303 303 0
1546 22636 5385 83 645 788 2
2113 37803 3092 33 114 668 2
667 6013 2950 29 145 162 1
298 1562 5367 21 45 117 2
2850 14741 363 11 297 552 2
2962 38451 2459 60 623 647 1
2342 14533 544 28 45 45 0
1871 18725 5618 18 2 2 2
2759 39591 565 79 919 919 0
278 1825 1302 43 473 473 1
547 4860 5122 61 335 431 2
2217 28001 5754 39 54 471 2
2864 41875 3837 8 692 692 1
2617 24973 4744 32 184 184 2
2522 24630 3185 25 575 575 0
2183 32205 4558 9 466 466 2
933 16866 3004 71 472 472 1
445 3058 5616 56 211 211 2
215 1677 3321 89 557 557 0
1458 11478 1073 58 152 248 1
2103 38959 2184 64 316 316 1
1830 33517 4714 32 339 339 2
275 2656 4334 18 792 792 2
881 14486 5237 49 758 758 2
1418 12090 1603 12 0 513 2
1220 5000 1869 51 348 348 0
663 3402 4907 39 804 804 2
1194 12835 1034 13 422 422 1
2912 56698 1223 89 482 482 0
2670 42001 1288 28 722 856 0
390 6625 3279 33 620 620 1
2344 39419 5986 64 228 228 2
885 13936 2902 29 67 67 1
2107 28162 2199 73 969 969 0
1883 8032 5281 78 151 151 2
2128 33647 3106 66 790 871 0
1450 25909 4341 2 406 907 2
984 14653 4868 100 329 329 2
1213 5204 2647 4 50 110 2
2034 15053 3869 50 68 68 2
874 6537 3904 82 749 749 2
1391 15439 2596 54 630 630 1
891 12399 2092 69 529 529 1
2476 19914 887 65 286 286 0
2210 44110 2616 74 569 569 1
2371 44159 3268 14 27 137 2
1867 35459 2470 66 190 744 2
1346 18681 5238 67 374 384 2
868 9211 3945 86 466 466 2
399 7117 206 7 67 973 2
647 5923 4526 47 234 494 2
602 7575 281 32 791 791 0
1112 22022 5142 15 943 943 2
1953 14737 2791 41 15 15 0
1823 22445 3697 77 764 846 2
471 3646 2485 24 277 277 1
2854 27031 399 92 6 6 0
1181 20779 5830 11 357 357 2
521 5995 1432 88 555 555 0
283 3024 2552 74 457 559 1
1538 26231 3859 97 165 165 1
670 9559 1063 26 450 531 0
2123 19989 5113 86 637 637 2
1791 24042 2318 68 226 226 0
807 14909 860 80 151 151 0
1623 22499 889 89 790 858 0
2458 37062 816 72 440 440 0
1694 8814 751 36 82 115 1
374 5645 2281 2 570 570 1
1184 8284 1550 57 207 207 1
1225 14729 3298 20 494 550 1
2356 39182 3903 85 648 648 2
2488 34310 844 82 111 324 2
684 9682 4583 44 496 496 2
2389 23425 1891 35 154 759 2
2505 21176 847 57 599 599 0
1413 21436 2399 91 444 790 2
2369 17605 4646 65 379 569 2
2354 47027 5207 82 105 105 2
2149 26911 4914 12 351 960 2
564 4330 620 16 543 543 1
859 10926 4015 72 769 769 2
2885 33005 5376 83 446 446 2
1438 24569 2330 69 121 514 2
1744 19405 2852 53 153 153 1
693 3392 1140 57 3 27 2
1864 33070 3905 83 932 932 2
2318 30765 818 55 451 451 0
352 2235 2677 65 70 500 2
2124 24834 1316 34 15 574 2
1286 9382 1924 69 781 781 1
332 3680 2951 26 533 564 1
1312 11355 5367 11 795 850 2
1167 20120 790 16 706 706 1
502 9369 4378 53 542 542 2
442 5212 2705 18 347 520 1
1534 16690 3171 27 431 431 1
2740 20842 634 52 196 196 0
2569 21632 1583 40 9 316 2
300 3188 3064 69 248 291 1
2938 17317 4693 41 807 807 2
821 15792 5781 17 892 892 2
2880 28683 2396 60 590 590 0
2959 45572 1490 78 285 369 0
1331 9419 3752 87 615 615 1
2190 15371 2481 85 170 213 1
1606 19437 3026 7 81 81 1
2987 46926 1212 5 892 986 1
2977 33666 1905 79 194 809 2
2459 28387 4571 39 393 393 2
633 12015 3649 96 67 126 2
1057 18656 1405 80 65 65 0
1204 12283 2553 57 787 787 0
764 13952 1006 23 806 817 0
1919 9951 2933 37 193 193 1
1136 16887 2261 48 706 706 1
2913 41086 4796 77 286 994 2
710 4986 1435 98 210 210 0
2979 55450 5174 84 26 38 2
2159 14579 5395 4 224 224 2
2716 22053 3562 85 206 289 1
1608 9014 146 5 342 381 1
1839 16814 4804 50 548 548 2
2231 21613 3506 98 456 690 1
1895 27873 1015 18 878 878 1
2633 36584 4728 69 654 654 2
268 3939 5668 55 474 656 2
2427 28236 4046 19 872 872 2
207 3335 2098 6 676 676 1
2576 29058 494 41 472 730 1
2720 49807 5761 36 15 61 2
804 3861 4582 25 255 341 2
2308 17073 1212 20 120 126 1
2044 28558 4800 37 924 924 2
716 10723 100 89 404 404 0
2488 32694 4996 16 747 747 2
1843 18280 5257 91 814 870 2
2058 20730 2445 84 579 811 1
1919 29095 580 87 189 295 1
2183 12958 1057 45 41 356 2
2264 34353 3707 18 40 51 1
1489 15947 3597 45 614 614 1
1076 18623 797 6 407 407 1
1554 10734 1310 76 284 411 1
242 2829 3396 95 884 884 1
421 3585 5133 95 118 132 2
205 2118 4295 48 144 227 2
2372 29053 5831 100 199 222 2
2953 33632 5411 91 494 656 2
2565 43372 3455 47 312 312 1
301 1794 5933 50 585 585 2
2059 13003 3584 91 116 116 1
2974 38323 2007 36 997 997 0
2813 23617 2788 63 182 571 2
609 10861 1750 93 398 533 1
299 5610 1186 5 276 437 1
236 3154 5091 85 618 618 2
401 5721 1821 89 298 298 0
2731 16145 5624 76 861 861 2
1878 29972 1827 96 193 282 1
540 9446 4543 17 529 776 2
2159 9479 2168 90 810 994 0
2239 18257 2082 64 701 823 1
432 5436 5120 74 148 420 2
653 7459 836 46 632 632 0
567 4758 3174 11 65 164 2
2532 47754 5983 61 198 198 2
2240 22605 2004 19 56 58 1
1768 23830 5443 48 757 757 2
1115 19372 4982 82 159 822 2
1477 8654 617 71 951 951 0
1503 18194 4542 15 639 639 2
2774 14488 3941 10 233 233 2
876 3692 2175 55 259 259 1
581 4091 5211 99 46 56 2
545 3271 3808 22 1 84 2
2012 14806 3942 45 47 47 2
2140 10130 468 78 381 996 2
1033 17803 5693 98 132 758 2
1210 11221 1927 70 876 876 0
2129 32142 1550 82 133 555 2
1996 23176 2568 81 922 922 1
865 15513 2223 78 38 38 0
1800 31970 2090 39 574 574 0
726 3365 745 50 246 267 0
2237 27022 5402 96 344 730 2
2429 17706 2213 98 58 489 2
2446 42451 104 4 837 837 1
2228 29978 3301 76 293 805 2
1986 31668 850 5 4 4 1
2456 23350 5942 50 328 463 2
919 12176 555 6 459 459 1
2522 27149 2721 33 159 661 2
2146 27235 2891 87 432 432 1
539 8796 1917 67 806 806 1
2617 26365 4458 41 940 940 2
2249 32658 1635 32 353 353 0
1963 14541 3727 58 93 93 1
1474 27954 4403 65 909 909 2
1034 6586 3181 9 147 147 1
2655 47918 3712 82 40 45 2
401 1924 3457 91 508 519 1
2539 35057 4031 75 338 389 2
2021 31537 1929 67 166 166 1
519 2309 5598 83 663 663 2
277 3078 4024 50 133 385 2
2819 27183 5913 94 930 930 2
649 5541 2308 19 132 132 1
829 10960 2570 4 516 516 1
2299 38362 5378 96 550 550 2
2547 25537 2751 91 39 307 2
421 5133 613 72 544 544 0
676 8709 592 19 167 445 2
615 10331 1645 61 822 822 1
1233 6692 1568 17 80 467 2
301 5746 1406 17 175 832 2
2680 35022 2643 73 506 506 0
2096 19496 2595 94 171 352 2
1377 7975 516 29 732 732 0
1004 10269 4866 64 307 307 2
724 4034 476 93 843 843 0
1784 35037 3216 70 903 903 1
957 6290 176 26 214 214 0
2083 32789 4818 15 907 907 2
458 4801 5424 78 152 152 2
226 1451 5394 79 307 655 2
2611 43843 4669 4 271 358 2
548 9139 4855 92 768 849 2
1697 28208 3904 91 306 306 2
2554 23774 3874 79 834 834 2
2519 44432 2401 94 689 919 1
2040 23132 2313 43 40 40 1
1344 23609 1832 10 880 880 1
2674 31748 3927 1 8 227 2
2262 17947 3045 70 589 723 1
1081 15436 4862 60 457 701 2
2127 41833 1205 93 394 394 0
1504 14152 960 12 1 43 2
1541 27145 5455 29 467 679 2
840 11209 3602 32 167 832 2
2738 45327 36 15 606 805 1
1516 18763 3067 97 201 933 2
1390 18757 1449 63 146 149 0
1745 30586 4919 46 445 525 2
2195 38179 1046 59 19 90 2
1248 21393 913 29 635 635 0
237 4190 2434 78 604 604 1
2880 17552 5646 68 107 128 2
2143 37726 3124 23 142 142 0
2632 31489 5045 67 376 376 2
2661 27293 129 92 291 291 0
1504 13080 4938 85 8 115 2
286 3308 5104 63 40 58 2
593 6913 1852 74 938 938 0
759 8890 4922 75 380 380 2
283 2305 3216 82 4 6 1
2298 45237 2982 69 116 167 1
2047 15795 2160 73 933 933 0
1837 17608 2265 88 516 516 0
2429 23553 3739 14 821 821 2
1439 23818 5803 7 572 572 2
2609 36016 4032 10 430 651 2
568 10812 3466 41 102 455 2
1219 19065 247 25 924 924 0
260 3930 2401 52 670 727 1
2824 43799 4764 25 318 369 2
2869 18576 227 80 265 265 0
2310 13823 1678 29 589 974 2
2075 38276 3750 4 432 479 2
2736 35596 3082 32 256 528 2
2762 35631 5299 31 56 56 2
2942 24774 5731 35 378 378 2
2668 28015 5000 69 282 940 2
2493 28597 4153 95 29 45 2
1280 16860 2867 61 14 37 2
612 8125 1492 85 637 820 0
2467 46214 436 68 633 633 0
2357 34585 1550 78 1 1 1
1803 19710 5812 18 154 443 2
1407 26557 2677 27 908 908 1
303 5139 1444 100 267 366 1
1876 28356 1019 42 340 340 0
2113 26329 4220 76 457 830 2
1863 9029 3505 21 298 931 2
276 1560 3314 47 641 641 1
2141 40845 1179 98 187 187 0
1824 14982 4149 75 34 52 2
2590 18479 82 92 852 940 0
2636 47062 3224 17 30 85 2
2468 35353 2491 9 8 48 2
579 11331 2525 95 725 765 1
2404 10104 3659 56 128 128 2
733 10901 1414 95 231 231 0
1941 35034 4146 87 190 289 2
492 8992 5869 70 617 617 2
2758 18841 5826 24 209 377 2
1015 18935 5483 60 589 589 2
2987 30686 551 95 329 354 0
954 17144 960 52 24 219 2
1623 12137 4485 1 109 125 2
2370 25541 3787 42 24 205 2
383 6332 5546 79 418 418 2
1201 5133 3222 7 305 327 1
251 2461 3462 96 566 904 1
817 4417 816 31 312 822 2
487 8061 1923 77 757 757 0
2018 39183 2625 92 310 310 0
2540 33311 5264 48 775 775 2
610 12198 3834 2 834 834 1
1955 20744 5982 35 500 613 2
1857 24061 2746 19 536 536 1
372 3299 71 31 742 995 1
2373 22823 1032 31 10 24 2
1603 15174 2738 77 633 633 1
1909 30999 2813 56 218 300 1
1698 8241 1630 26 981 981 1
2054 20035 5069 81 311 311 2
2157 39113 1835 23 997 997 0
1563 12309 682 4 32 32 1
1248 7477 4347 31 675 675 2
1863 21215 5510 91 240 276 2
1758 21603 214 43 413 413 0
447 3871 3788 43 54 611 2
1000 4004 1695 74 160 160 1
2550 16179 2251 81 109 109 0
900 15690 3481 22 334 983 2
2765 27782 5077 37 352 352 2
2643 34231 3345 54 117 117 1
2627 26108 2024 83 65 65 1
2734 43593 1281 40 258 826 2
1912 17064 806 21 96 96 0
318 3234 4604 5 559 559 2
220 4302 4090 89 112 373 2
2019 38847 4054 28 402 898 2
761 9554 60 93 228 228 0
1097 9064 3850 29 591 657 2
682 3543 871 3 768 768 1
224 2788 1852 11 391 442 1
201 1701 1525 54 895 895 1
